left:  [[ 0.02168493 -0.42339529  0.90568548 -0.08026893]
 [-0.99931645 -0.03630831  0.00695312  0.04182431]
 [ 0.02993999 -0.90521717 -0.42389323  0.07617931]
 [ 0.          0.          0.          1.        ]]
right:  [[-0.02992033 -0.42198062  0.906111   -0.08996623]
 [-0.99916297  0.03792529 -0.01533096 -0.00978527]
 [-0.02789516 -0.90581126 -0.42276214  0.07047414]
 [ 0.          0.          0.          1.        ]]
left_quat:  [-0.60916901  0.66808734 -0.31769397  0.28573235]
right_quat:  [-0.62560076  0.6527163  -0.30480504  0.29946453]
7D:  [-0.1514688   0.06114338  0.43910462 -0.61738488  0.66040182 -0.31124951
  0.29259844]
matrix:  [[-0.06624313 -0.6334383   0.7709525  -0.1514688 ]
 [-0.99780121  0.04371347 -0.0498185   0.06114338]
 [-0.00214406 -0.77255747 -0.63494122  0.43910462]
 [ 0.          0.          0.          1.        ]]

