ros2 run tf2_ros tf2_echo follower_left/base_link follower_left/ee_gripper_link

ros2 run tf2_ros tf2_echo follower_right/base_link follower_right/ee_gripper_link


left:  [[ 0.03344283 -0.42059309  0.90663279 -0.07966426]
 [-0.99904912 -0.0394569   0.01854746  0.0310469 ]
 [ 0.02797199 -0.90639097 -0.42151272  0.07556069]
 [ 0.          0.          0.          1.        ]]
right:  [[-0.02260473 -0.44032699  0.89755288 -0.08048909]
 [-0.99960911  0.02472831 -0.01304364 -0.00878451]
 [-0.0164515  -0.89749688 -0.44071384  0.07714701]
 [ 0.          0.          0.          1.        ]]
 
 left:  [[ 0.03844001 -0.42007775  0.90667361 -0.08645628]
 [-0.99888832 -0.04092953  0.02338624  0.02973596]
 [ 0.02728569 -0.90656464 -0.42118409  0.0797297 ]
 [ 0.          0.          0.          1.        ]]
right:  [[-0.01329523 -0.41760161  0.90853296 -0.08459971]
 [-0.99953471  0.03049594 -0.00060965 -0.01763574]
 [-0.02745198 -0.90811833 -0.41781275  0.06948846]
 [ 0.          0.          0.          1.        ]]
 
 left:  [[ 0.02168493 -0.42339529  0.90568548 -0.08026893]
 [-0.99931645 -0.03630831  0.00695312  0.04182431]
 [ 0.02993999 -0.90521717 -0.42389323  0.07617931]
 [ 0.          0.          0.          1.        ]]
right:  [[-0.02992033 -0.42198062  0.906111   -0.08996623]
 [-0.99916297  0.03792529 -0.01533096 -0.00978527]
 [-0.02789516 -0.90581126 -0.42276214  0.07047414]
 [ 0.          0.          0.          1.        ]]




left:
 [ 0.03844001 -0.42007775  0.90667361 -0.085]
 [-0.99888832 -0.04092953  0.02338624  0.009]
 [ 0.02728569 -0.90656464 -0.42118409  0.075]
 [ 0.          0.          0.          1.   ]
 
right

 [ 0.03844001 -0.42007775  0.90667361 -0.085]
 [-0.99888832 -0.04092953  0.02338624  0.009]
 [ 0.02728569 -0.90656464 -0.42118409  0.075]
 [ 0.          0.          0.          1.   ]
