head_bounding_box:
  - [0.05, 0.65]
  - [-0.5, 0.5 ]
  - [-0.1, 0.6 ]

hand_bounding_box:
  - [0.0, 0.5]
  - [-0.5, 0.5 ]
  - [-0.5, 0.5 ]

world_2_head:
  - [-0.06624313, -0.6334383,   0.7709525,  -0.1514688 ]
  - [-0.99780121,  0.04371347, -0.0498185,   0.06114338]
  - [-0.00214406, -0.77255747, -0.63494122,  0.43910462]
  - [ 0.,          0.,          0.,          1.        ]
 
world_2_left_base:  
  - [ 1.,  0.,  0.,  0.  ]
  - [ 0.,  1.,  0.,  0.32]
  - [ 0.,  0.,  1.,  0.  ]
  - [ 0.,  0.,  0.,  1.  ]
  
world_2_right_base:
  - [ 1.,  0.,  0.,  0.  ]
  - [ 0.,  1.,  0., -0.32]
  - [ 0.,  0.,  1.,  0.  ]
  - [ 0.,  0.,  0.,  1.  ]


left_ee_2_left_cam:
  - [ 0.03844001, -0.42007775,  0.90667361, -0.085]
  - [-0.99888832, -0.04092953,  0.02338624,  0.009]
  - [ 0.02728569, -0.90656464, -0.42118409,  0.075]
  - [ 0.        ,  0.        ,  0.        ,  1.   ]
 
right_ee_2_right_cam:
  - [ 0.03844001, -0.42007775,  0.90667361, -0.085]
  - [-0.99888832, -0.04092953,  0.02338624,  0.009]
  - [ 0.02728569, -0.90656464, -0.42118409,  0.075]
  - [ 0.        ,  0.        ,  0.        ,  1.   ]

intrinsic_o3d:
  - [256, 256, 256., 256., 128., 128.]
  
intrinsic:
  - [256.,  0., 128.]
  - [0.,  256., 128.]
  - [0.,    0., 1.  ]
