intrinsic:
  - [534.167236328125, 0., 635.4765625]
  - [0.,534.167236328125,368.2760009765625]
  - [0.,              0.,           1.     ]

distortion:
  - [0., 0., 0., 0., 0.]
  
size:
  - [720, 1280]
