intrinsic:
  - [733.888671875, 0., 993.6256103515625]
  - [0.,733.888671875 , 551.8845825195312]
  - [0.,              0.,           1.   ]

intrinsic_o3d:
  - [1920, 1080, 733.888671875, 733.888671875, 993.6256103515625, 551.8845825195312]


distortion:
  - [0., 0., 0., 0., 0.]
  
size:
  - [1080, 1920]
