intrinsic:
  - [433.7384948730469, 0., 421.96142578125]
  - [0.,433.276611328125,239.41310119628906]
  - [0.,              0.,           1.     ]

intrinsic_o3d:
  - [848, 480, 433.7384948730469, 433.276611328125, 421.96142578125, 239.41310119628906]

distortion:
  - [-0.056284792721271515 ,0.06360338628292084, -0.0006215605535544455, 0.0003510362876113504, -0.021346338093280792]
  
size:
  - [480, 848]
