intrinsic:
  - [431.01397705078125, 0., 421.2543640136719]
  - [0., 430.5847473144531, 235.44593811035156]
  - [0.,                0.,            1.     ]

intrinsic_o3d:
  - [848, 480, 431.01397705078125, 430.5847473144531, 421.2543640136719, 235.44593811035156]


distortion:
  - [-0.054329656064510345 ,0.05579347535967827, -0.0005486568552441895, 0.0011518055107444525, -0.017961639910936356]
  
size:
  - [480, 848]
